0.4452496	0.5547504	0.0	1.0
0.45538443	0.54461557	1.0	0.0
0.49161893	0.50838107	1.0	0.0
0.48192614	0.51807386	0.0	1.0
0.4639335	0.53606653	1.0	0.0
0.4307944	0.5692056	0.0	1.0
0.4728789	0.52712107	1.0	0.0
0.40503773	0.59496224	0.0	1.0
0.46834007	0.5316599	0.0	1.0
0.41976586	0.58023417	0.0	1.0
0.42587936	0.57412064	1.0	0.0
0.4321579	0.5678421	1.0	0.0
0.4580036	0.54199636	1.0	0.0
0.43770656	0.56229347	0.0	1.0
0.42230254	0.57769746	0.0	1.0
0.40025342	0.5997466	0.0	1.0
0.46428502	0.535715	1.0	0.0
0.4749279	0.52507216	0.0	1.0
0.44009143	0.5599086	1.0	0.0
0.42017245	0.5798276	1.0	0.0
0.4025099	0.5974901	1.0	0.0
0.4517479	0.5482521	0.0	1.0
0.4816911	0.51830894	1.0	0.0
0.49046257	0.50953746	1.0	0.0
0.48195156	0.5180484	0.0	1.0
0.47255096	0.527449	0.0	1.0
0.49658406	0.50341594	0.0	1.0
0.4977462	0.50225383	1.0	0.0
0.49428993	0.5057101	1.0	0.0
0.43736032	0.5626397	1.0	0.0
0.4768744	0.5231256	1.0	0.0
0.48623943	0.51376057	1.0	0.0
0.48138553	0.5186145	0.0	1.0
0.43422884	0.56577116	0.0	1.0
0.44177645	0.55822355	0.0	1.0
0.4091801	0.59081995	0.0	1.0
0.48465884	0.51534116	1.0	0.0
0.28088516	0.7191148	0.0	1.0
0.46885052	0.5311495	1.0	0.0
0.47140345	0.5285966	0.0	1.0
0.41382298	0.586177	0.0	1.0
0.4766786	0.52332133	1.0	0.0
0.42792684	0.57207316	0.0	1.0
0.4077506	0.59224933	0.0	1.0
0.4905464	0.5094536	1.0	0.0
0.43237677	0.56762326	1.0	0.0
0.41217935	0.58782065	1.0	0.0
0.43786466	0.56213534	0.0	1.0
0.4401823	0.55981773	1.0	0.0
0.2808964	0.7191036	0.0	1.0
0.4921513	0.50784874	0.0	1.0
0.47672495	0.5232751	1.0	0.0
0.41849875	0.58150125	1.0	0.0
0.47271815	0.5272818	0.0	1.0
0.45655316	0.54344684	1.0	0.0
0.41419643	0.5858035	0.0	1.0
0.40847492	0.5915251	0.0	1.0
0.46280473	0.53719527	1.0	0.0
0.45558846	0.54441154	1.0	0.0
0.45174888	0.54825115	1.0	0.0
0.4859072	0.5140928	1.0	0.0
0.40471044	0.5952895	0.0	1.0
0.49405068	0.5059493	0.0	1.0
0.47901636	0.52098364	1.0	0.0
0.4809801	0.51901996	0.0	1.0
0.4803582	0.51964176	0.0	1.0
0.4009359	0.5990641	0.0	1.0
0.46150604	0.53849393	0.0	1.0
0.43935886	0.5606411	1.0	0.0
0.4175755	0.58242446	0.0	1.0
0.4270519	0.5729481	0.0	1.0
0.47417817	0.5258218	0.0	1.0
0.40175453	0.59824544	1.0	0.0
0.47196317	0.5280369	1.0	0.0
0.45881543	0.5411846	0.0	1.0
0.434005	0.56599504	0.0	1.0
0.40322268	0.5967774	0.0	1.0
0.46553618	0.5344639	1.0	0.0
0.42554188	0.57445806	0.0	1.0
0.48751488	0.5124851	0.0	1.0
0.41859475	0.5814052	1.0	0.0
0.47457126	0.5254287	0.0	1.0
0.4441395	0.5558605	1.0	0.0
0.4145796	0.58542037	1.0	0.0
0.47146425	0.5285357	1.0	0.0
0.4503092	0.5496908	0.0	1.0
0.45219362	0.54780644	0.0	1.0
0.48669633	0.5133037	1.0	0.0
0.4381631	0.5618369	1.0	0.0
0.4721718	0.52782816	1.0	0.0
0.479931	0.520069	0.0	1.0
0.4849795	0.5150205	0.0	1.0
0.4763272	0.52367276	1.0	0.0
0.48226297	0.51773703	1.0	0.0
0.47352183	0.5264782	1.0	0.0
0.41171715	0.5882828	1.0	0.0
0.28048202	0.71951795	0.0	1.0
0.45344612	0.5465539	1.0	0.0
0.44398394	0.556016	1.0	0.0
0.39751112	0.6024889	0.0	1.0
0.49990124	0.5000987	1.0	0.0
0.4860211	0.5139789	0.0	1.0
0.42609054	0.5739095	1.0	0.0
0.44874355	0.5512564	0.0	1.0
0.47817016	0.52182984	0.0	1.0
0.50329506	0.4967049	1.0	0.0
0.44196028	0.5580397	0.0	1.0
0.48336414	0.51663584	0.0	1.0
0.44721892	0.55278105	0.0	1.0
0.28094786	0.71905214	0.0	1.0
0.28048968	0.7195103	0.0	1.0
0.4780314	0.5219686	1.0	0.0
0.28054282	0.71945715	0.0	1.0
0.4673737	0.5326263	0.0	1.0
0.47927043	0.52072954	0.0	1.0
0.5033487	0.4966513	1.0	0.0
0.4896027	0.51039726	1.0	0.0
0.419681	0.58031905	1.0	0.0
0.44425786	0.5557421	1.0	0.0
0.40225542	0.5977446	0.0	1.0
0.4558273	0.5441727	1.0	0.0
0.42672065	0.5732793	0.0	1.0
0.48722047	0.5127795	1.0	0.0
0.45747986	0.5425201	1.0	0.0
0.43324012	0.5667599	0.0	1.0
0.45604035	0.5439597	0.0	1.0
0.44588712	0.5541129	1.0	0.0
0.4143946	0.58560544	0.0	1.0
0.44574967	0.5542503	0.0	1.0
0.43170443	0.5682956	1.0	0.0
0.4529395	0.5470605	1.0	0.0
0.46524024	0.53475976	0.0	1.0
0.4339366	0.5660634	1.0	0.0
0.40317374	0.59682626	0.0	1.0
0.4543653	0.54563475	0.0	1.0
0.46956012	0.53043985	1.0	0.0
0.45151126	0.5484887	0.0	1.0
0.504806	0.49519405	1.0	0.0
0.4663625	0.5336375	0.0	1.0
0.44820133	0.5517987	0.0	1.0
0.49371883	0.50628114	0.0	1.0
0.4608275	0.53917253	1.0	0.0
0.49858457	0.50141543	1.0	0.0
0.47222158	0.52777845	0.0	1.0
0.49962172	0.50037825	0.0	1.0
0.47298267	0.52701735	1.0	0.0
0.4967822	0.5032178	0.0	1.0
0.48144773	0.51855224	0.0	1.0
0.46023592	0.53976405	1.0	0.0
0.43111077	0.5688892	0.0	1.0
0.43699986	0.5630002	0.0	1.0
0.4390195	0.5609805	0.0	1.0
0.49337623	0.50662374	1.0	0.0
0.43928078	0.5607192	1.0	0.0
0.4519892	0.5480108	1.0	0.0
0.46189684	0.53810316	1.0	0.0
0.4087101	0.5912899	0.0	1.0
0.48672894	0.5132711	0.0	1.0
0.49711272	0.50288725	1.0	0.0
0.49076983	0.50923014	0.0	1.0
0.4978836	0.50211644	1.0	0.0
0.49619225	0.5038077	1.0	0.0
0.41940162	0.5805984	0.0	1.0
0.46167606	0.53832394	1.0	0.0
0.4029151	0.5970849	1.0	0.0
0.49304706	0.50695294	0.0	1.0
0.42350608	0.5764939	0.0	1.0
0.40424755	0.5957525	1.0	0.0
0.48244572	0.5175543	1.0	0.0
0.48196352	0.51803654	1.0	0.0
0.5048877	0.4951123	1.0	0.0
0.41485628	0.58514374	0.0	1.0
0.46797562	0.5320244	1.0	0.0
0.47604787	0.5239521	1.0	0.0
0.43491167	0.5650883	0.0	1.0
0.3973537	0.60264623	1.0	0.0
0.39719754	0.6028024	0.0	1.0
0.43165758	0.56834245	0.0	1.0
0.4829038	0.5170962	1.0	0.0
0.4872863	0.5127137	1.0	0.0
0.4587197	0.5412803	0.0	1.0
0.40073758	0.5992624	0.0	1.0
0.4068734	0.5931266	0.0	1.0
0.46251434	0.53748566	1.0	0.0
0.28134245	0.71865755	0.0	1.0
0.40752402	0.592476	0.0	1.0
0.41631392	0.5836861	0.0	1.0
0.49573484	0.5042652	1.0	0.0
0.46947432	0.53052574	0.0	1.0
0.47565442	0.5243456	1.0	0.0
0.45357546	0.54642457	1.0	0.0
0.40219426	0.5978057	0.0	1.0
0.48649102	0.5135089	1.0	0.0
0.41390637	0.5860936	1.0	0.0
0.48076373	0.51923627	1.0	0.0
0.45263672	0.5473633	0.0	1.0
0.43190196	0.56809807	0.0	1.0
0.42253643	0.57746357	1.0	0.0
0.48468047	0.5153196	0.0	1.0
0.4845373	0.5154627	1.0	0.0
0.48713294	0.51286703	1.0	0.0
0.48948967	0.5105103	1.0	0.0
0.4050168	0.5949832	0.0	1.0
0.46322113	0.53677887	0.0	1.0
0.48126775	0.51873225	1.0	0.0
0.2807101	0.71928984	1.0	0.0
0.48876283	0.51123714	1.0	0.0
0.47224128	0.5277587	0.0	1.0
0.40317965	0.5968203	1.0	0.0
0.47707585	0.5229241	1.0	0.0
0.43411046	0.56588954	0.0	1.0
0.4413033	0.5586967	0.0	1.0
0.4811248	0.51887524	1.0	0.0
0.4688184	0.53118163	0.0	1.0
0.4888316	0.5111684	0.0	1.0
0.45996943	0.54003054	1.0	0.0
0.40630528	0.5936947	0.0	1.0
0.41604188	0.5839581	1.0	0.0
0.44245052	0.5575495	0.0	1.0
0.50667506	0.49332488	0.0	1.0
0.3982149	0.60178506	0.0	1.0
0.4064718	0.5935282	1.0	0.0
0.42547166	0.57452834	0.0	1.0
0.47351038	0.5264896	1.0	0.0
0.47779304	0.52220696	1.0	0.0
0.44572705	0.5542729	1.0	0.0
0.4035367	0.59646326	1.0	0.0
0.46503097	0.534969	1.0	0.0
0.4278174	0.5721826	1.0	0.0
0.48244753	0.5175525	0.0	1.0
0.42147145	0.5785286	0.0	1.0
0.39686435	0.60313565	1.0	0.0
0.48788762	0.5121124	1.0	0.0
0.47770083	0.52229923	0.0	1.0
0.47360533	0.5263947	0.0	1.0
0.44826764	0.55173236	0.0	1.0
0.4023327	0.59766734	0.0	1.0
0.48303413	0.51696587	0.0	1.0
0.47628477	0.52371526	1.0	0.0
0.41224384	0.5877562	0.0	1.0
0.42074782	0.5792522	0.0	1.0
0.4038203	0.59617966	0.0	1.0
0.49539417	0.50460577	1.0	0.0
0.4866246	0.51337546	0.0	1.0
0.4050235	0.5949765	0.0	1.0
0.47752696	0.522473	1.0	0.0
0.39818746	0.6018125	1.0	0.0
0.28103575	0.7189642	1.0	0.0
0.43986067	0.56013936	0.0	1.0
0.4892716	0.51072836	0.0	1.0
0.28131744	0.7186826	0.0	1.0
0.501517	0.49848297	0.0	1.0
0.28106347	0.71893656	0.0	1.0
0.4907604	0.5092397	1.0	0.0
0.49084857	0.50915146	0.0	1.0
0.40003705	0.599963	0.0	1.0
0.4685603	0.53143966	1.0	0.0
0.48745188	0.5125481	1.0	0.0
0.4377119	0.56228805	0.0	1.0
0.4520733	0.5479267	0.0	1.0
0.49886298	0.501137	0.0	1.0
0.4364416	0.56355834	0.0	1.0
0.4950118	0.50498825	1.0	0.0
0.49564353	0.50435644	1.0	0.0
0.40070683	0.5992931	0.0	1.0
0.4956711	0.5043289	1.0	0.0
0.4653427	0.5346573	0.0	1.0
0.4554832	0.5445168	1.0	0.0
0.4326372	0.5673627	0.0	1.0
0.48676312	0.5132369	0.0	1.0
0.28210688	0.71789306	0.0	1.0
0.45307022	0.5469298	0.0	1.0
0.43193564	0.5680644	0.0	1.0
0.49248287	0.5075171	1.0	0.0
0.4247533	0.57524663	1.0	0.0
0.49455008	0.50544995	1.0	0.0
0.44556043	0.5544396	1.0	0.0
0.4553924	0.54460764	1.0	0.0
0.43746117	0.5625388	1.0	0.0
0.40143338	0.5985666	0.0	1.0
0.49039522	0.5096048	1.0	0.0
0.4937329	0.50626713	0.0	1.0
0.48781466	0.5121854	1.0	0.0
0.4353833	0.5646167	1.0	0.0
0.40681577	0.59318423	0.0	1.0
0.46328253	0.5367175	0.0	1.0
0.47000992	0.5299901	0.0	1.0
0.43139076	0.56860924	0.0	1.0
0.44420165	0.55579835	1.0	0.0
0.47372377	0.52627623	0.0	1.0
0.28094786	0.71905214	0.0	1.0
0.4839368	0.51606315	1.0	0.0
0.4744585	0.52554154	0.0	1.0
0.40261924	0.59738076	1.0	0.0
0.42954114	0.5704589	1.0	0.0
0.42039356	0.5796064	0.0	1.0
0.41728038	0.5827196	1.0	0.0
0.4581595	0.5418405	0.0	1.0
0.48221847	0.51778156	1.0	0.0
0.47630963	0.5236904	1.0	0.0
0.43601048	0.5639896	0.0	1.0
0.49880508	0.50119495	1.0	0.0
0.42062354	0.57937646	0.0	1.0
0.45742843	0.5425716	1.0	0.0
0.45171106	0.54828894	0.0	1.0
0.4897476	0.5102524	1.0	0.0
0.4345666	0.5654334	0.0	1.0
0.41691944	0.5830806	1.0	0.0
0.48638064	0.51361936	1.0	0.0
0.48735377	0.51264626	0.0	1.0
0.44293132	0.55706865	0.0	1.0
0.48752815	0.5124718	0.0	1.0
0.39077654	0.6092235	1.0	0.0
0.45384595	0.5461541	1.0	0.0
0.4877959	0.5122041	1.0	0.0
0.43868575	0.5613142	1.0	0.0
0.4939277	0.5060723	0.0	1.0
0.44912624	0.5508737	1.0	0.0
0.40032378	0.5996762	0.0	1.0
0.5003182	0.49968177	1.0	0.0
0.28010744	0.7198925	1.0	0.0
0.4181305	0.58186954	0.0	1.0
0.4136707	0.5863293	0.0	1.0
0.4747913	0.5252088	0.0	1.0
0.48864695	0.5113531	0.0	1.0
0.48779795	0.512202	1.0	0.0
0.49366042	0.5063396	1.0	0.0
0.502584	0.497416	1.0	0.0
0.50137305	0.49862692	1.0	0.0
0.49032974	0.50967026	0.0	1.0
0.48407167	0.5159283	1.0	0.0
0.40151706	0.59848297	0.0	1.0
0.4625713	0.5374287	0.0	1.0
0.47405845	0.52594155	1.0	0.0
0.42651245	0.5734876	1.0	0.0
0.4709011	0.52909887	1.0	0.0
0.4783633	0.5216367	1.0	0.0
0.46098608	0.5390139	1.0	0.0
0.4737649	0.52623516	0.0	1.0
0.3395177	0.6604823	0.0	1.0
0.44275206	0.55724794	0.0	1.0
0.4197985	0.5802015	0.0	1.0
0.49042097	0.509579	0.0	1.0
0.40167415	0.5983259	0.0	1.0
0.41545966	0.5845403	1.0	0.0
0.47337577	0.52662426	0.0	1.0
0.43172222	0.5682777	0.0	1.0
0.49451882	0.5054812	0.0	1.0
0.4513511	0.5486489	0.0	1.0
0.43397447	0.5660255	0.0	1.0
0.47668198	0.52331805	0.0	1.0
0.41917455	0.5808255	1.0	0.0
0.28079042	0.71920955	0.0	1.0
0.40084636	0.59915364	1.0	0.0
0.45444736	0.5455527	1.0	0.0
0.49409065	0.5059093	0.0	1.0
0.46385944	0.5361405	1.0	0.0
0.46139842	0.5386015	1.0	0.0
0.46747932	0.53252065	0.0	1.0
0.49053106	0.509469	1.0	0.0
0.5049806	0.4950194	1.0	0.0
0.46541432	0.53458565	1.0	0.0
0.5028015	0.4971985	1.0	0.0
0.45742622	0.5425738	0.0	1.0
0.4206756	0.5793244	0.0	1.0
0.4260028	0.57399726	1.0	0.0
0.2843167	0.71568334	0.0	1.0
0.4804406	0.51955944	1.0	0.0
0.4305838	0.56941617	1.0	0.0
0.49285898	0.507141	1.0	0.0
0.40332356	0.59667647	1.0	0.0
0.43508717	0.5649128	1.0	0.0
0.43117186	0.56882817	1.0	0.0
0.4437988	0.55620116	0.0	1.0
0.4367258	0.5632742	1.0	0.0
0.4382313	0.5617687	1.0	0.0
0.4437394	0.5562606	0.0	1.0
0.4051635	0.5948365	0.0	1.0
0.4964856	0.5035144	1.0	0.0
0.470352	0.529648	1.0	0.0
0.4485451	0.5514549	0.0	1.0
0.47330385	0.5266962	1.0	0.0
0.4377049	0.5622951	1.0	0.0
0.40023702	0.599763	0.0	1.0
0.44382402	0.556176	1.0	0.0
0.42574558	0.5742544	1.0	0.0
0.42888853	0.57111144	0.0	1.0
0.436257	0.563743	1.0	0.0
0.47806078	0.5219392	1.0	0.0
0.44396937	0.55603063	0.0	1.0
0.47267285	0.5273271	1.0	0.0
0.4979103	0.5020897	1.0	0.0
0.49475455	0.5052455	0.0	1.0
0.4649433	0.5350567	0.0	1.0
0.4882173	0.5117827	0.0	1.0
0.4826372	0.51736283	1.0	0.0
0.4632241	0.5367759	0.0	1.0
0.4976664	0.5023336	1.0	0.0
0.2715722	0.72842777	0.0	1.0
0.4929375	0.5070625	0.0	1.0
0.48163262	0.51836735	1.0	0.0
0.48606008	0.51393986	1.0	0.0
0.28144982	0.71855015	0.0	1.0
0.49308148	0.50691855	0.0	1.0
0.4617881	0.5382119	0.0	1.0
0.4561926	0.54380745	0.0	1.0
0.4058306	0.5941694	0.0	1.0
0.40353873	0.5964613	0.0	1.0
0.4916868	0.50831324	1.0	0.0
0.45786098	0.542139	0.0	1.0
0.46748203	0.53251797	1.0	0.0
0.48765406	0.51234597	1.0	0.0
0.43844494	0.561555	1.0	0.0
0.42025083	0.5797492	1.0	0.0
0.4298791	0.5701209	0.0	1.0
0.48435286	0.5156472	1.0	0.0
0.42485055	0.5751495	0.0	1.0
0.4613588	0.5386412	1.0	0.0
0.4347678	0.56523216	0.0	1.0
0.48020262	0.5197974	1.0	0.0
0.4203927	0.5796073	0.0	1.0
0.40849444	0.5915055	1.0	0.0
0.4729406	0.52705944	1.0	0.0
0.41471237	0.58528763	0.0	1.0
0.4861762	0.5138238	1.0	0.0
0.4447787	0.55522126	0.0	1.0
0.41780585	0.58219415	1.0	0.0
0.4551305	0.5448695	0.0	1.0
0.43290165	0.5670984	1.0	0.0
0.4791656	0.5208343	1.0	0.0
0.4356533	0.5643467	0.0	1.0
0.4777834	0.52221656	0.0	1.0
0.39819875	0.6018012	0.0	1.0
0.49218586	0.5078141	1.0	0.0
0.45874903	0.541251	0.0	1.0
0.48058805	0.519412	1.0	0.0
0.40824765	0.59175235	1.0	0.0
0.5062736	0.49372637	1.0	0.0
0.45392448	0.5460755	1.0	0.0
0.4047853	0.59521466	0.0	1.0
0.46432245	0.53567755	1.0	0.0
0.42203102	0.57796896	1.0	0.0
0.47753993	0.5224601	1.0	0.0
0.46941388	0.5305861	1.0	0.0
0.43453485	0.56546515	0.0	1.0
0.49463424	0.5053657	1.0	0.0
0.43543696	0.56456304	0.0	1.0
0.4006657	0.5993343	1.0	0.0
0.50132823	0.4986718	0.0	1.0
0.47400433	0.52599573	0.0	1.0
0.3976397	0.6023603	0.0	1.0
0.47898147	0.52101856	0.0	1.0
0.45154124	0.54845876	1.0	0.0
0.43609715	0.56390285	0.0	1.0
0.4869871	0.5130129	0.0	1.0
0.40979785	0.59020215	1.0	0.0
0.44211546	0.5578846	1.0	0.0
0.4914218	0.5085782	1.0	0.0
0.4478616	0.5521383	0.0	1.0
0.39863002	0.6013699	1.0	0.0
0.48351383	0.51648617	0.0	1.0
0.49335188	0.5066481	1.0	0.0
0.46144688	0.5385531	1.0	0.0
0.48219278	0.51780725	1.0	0.0
0.44087434	0.55912566	0.0	1.0
0.39830822	0.60169184	0.0	1.0
0.4151392	0.5848608	0.0	1.0
0.41844064	0.58155936	1.0	0.0
0.46848524	0.53151476	1.0	0.0
0.47169068	0.52830935	1.0	0.0
0.28075677	0.71924317	0.0	1.0
0.42050204	0.57949793	0.0	1.0
0.49482566	0.50517434	1.0	0.0
0.45788008	0.5421199	0.0	1.0
0.47465608	0.52534395	1.0	0.0
0.4752769	0.5247231	0.0	1.0
0.46812454	0.5318755	0.0	1.0
0.44683206	0.55316794	1.0	0.0
0.4749646	0.5250354	0.0	1.0
0.45833024	0.5416697	1.0	0.0
0.46356472	0.53643525	1.0	0.0
0.49458772	0.5054122	0.0	1.0
0.4496383	0.55036163	0.0	1.0
0.47913852	0.5208615	0.0	1.0
0.4246186	0.5753814	1.0	0.0
0.49187043	0.5081296	0.0	1.0
0.42660418	0.57339585	0.0	1.0
0.4137604	0.5862396	0.0	1.0
0.42105448	0.5789455	0.0	1.0
0.42984477	0.5701552	1.0	0.0
0.49091592	0.5090841	0.0	1.0
0.44969553	0.5503045	1.0	0.0
0.40569597	0.594304	1.0	0.0
0.477107	0.522893	1.0	0.0
0.49883807	0.50116193	0.0	1.0
0.45608535	0.5439146	1.0	0.0
0.49942318	0.50057685	0.0	1.0
0.44845858	0.5515414	0.0	1.0
0.4556443	0.5443557	1.0	0.0
0.28230938	0.71769065	0.0	1.0
0.47642866	0.5235714	1.0	0.0
0.4556071	0.5443929	0.0	1.0
0.28185177	0.71814823	0.0	1.0
0.4481373	0.5518627	0.0	1.0
0.46574694	0.53425306	0.0	1.0
0.49920592	0.5007941	1.0	0.0
0.4516281	0.54837185	1.0	0.0
0.43652877	0.5634712	1.0	0.0
0.4323925	0.5676075	1.0	0.0
0.4822409	0.51775914	0.0	1.0
0.4394935	0.56050646	1.0	0.0
0.2807758	0.7192242	1.0	0.0
0.472178	0.52782196	1.0	0.0
0.49200124	0.50799876	0.0	1.0
0.40544096	0.5945591	0.0	1.0
0.4016546	0.59834546	1.0	0.0
0.41948667	0.5805133	1.0	0.0
0.44538042	0.5546196	1.0	0.0
0.4343909	0.56560904	0.0	1.0
0.4209642	0.57903576	0.0	1.0
0.49389026	0.5061097	0.0	1.0
0.3971914	0.60280854	0.0	1.0
0.5057278	0.49427214	1.0	0.0
0.4485714	0.5514286	1.0	0.0
0.28144982	0.71855015	0.0	1.0
0.4850329	0.51496714	1.0	0.0
0.47537005	0.52462995	1.0	0.0
0.47213617	0.5278638	0.0	1.0
0.4316076	0.5683924	0.0	1.0
0.4889207	0.5110793	1.0	0.0
0.4292181	0.5707819	0.0	1.0
0.45138493	0.5486151	0.0	1.0
0.46352604	0.536474	0.0	1.0
0.44505784	0.5549422	1.0	0.0
0.40192208	0.59807795	0.0	1.0
0.45301232	0.54698765	0.0	1.0
0.4489398	0.5510602	0.0	1.0
0.40678614	0.59321386	0.0	1.0
0.46000957	0.53999037	0.0	1.0
0.46448025	0.5355197	0.0	1.0
0.47799918	0.5220008	0.0	1.0
0.4002673	0.5997327	1.0	0.0
0.42799848	0.5720015	0.0	1.0
0.49169743	0.50830257	1.0	0.0
0.4154612	0.58453876	0.0	1.0
0.4661609	0.5338391	1.0	0.0
0.4464772	0.55352277	0.0	1.0
0.47733426	0.52266574	1.0	0.0
0.4751608	0.52483916	1.0	0.0
0.49824005	0.50176	0.0	1.0
0.4867879	0.5132121	0.0	1.0
0.42771772	0.5722823	1.0	0.0
0.39972913	0.60027087	1.0	0.0
0.48707205	0.51292795	1.0	0.0
0.49573398	0.504266	1.0	0.0
0.45329925	0.5467008	1.0	0.0
0.4855731	0.5144269	0.0	1.0
0.41445085	0.5855491	0.0	1.0
0.4759716	0.5240284	0.0	1.0
0.456058	0.54394203	1.0	0.0
0.4761393	0.5238607	1.0	0.0
0.45420748	0.5457925	0.0	1.0
0.46335405	0.53664595	1.0	0.0
0.5002478	0.4997522	0.0	1.0
0.4462338	0.55376613	0.0	1.0
0.40392932	0.59607065	1.0	0.0
0.40830573	0.59169424	0.0	1.0
0.46329647	0.5367036	1.0	0.0
0.4734265	0.52657354	1.0	0.0
0.431729	0.56827104	0.0	1.0
0.46810982	0.53189015	0.0	1.0
0.39902613	0.60097384	0.0	1.0
0.41147366	0.5885263	1.0	0.0
0.4189837	0.5810163	0.0	1.0
0.41886118	0.58113885	0.0	1.0
0.43521866	0.56478137	0.0	1.0
0.4691594	0.53084064	0.0	1.0
0.47800216	0.5219978	0.0	1.0
0.4528795	0.5471205	0.0	1.0
0.42967543	0.57032454	0.0	1.0
0.39807853	0.6019215	0.0	1.0
0.48593438	0.5140656	1.0	0.0
0.49556527	0.50443476	1.0	0.0
0.41353673	0.5864633	0.0	1.0
0.42499697	0.575003	0.0	1.0
0.40486476	0.5951352	0.0	1.0
0.40121254	0.5987875	0.0	1.0
0.45175868	0.54824126	0.0	1.0
0.45108008	0.54892	0.0	1.0
0.47898746	0.52101254	0.0	1.0
0.4889248	0.5110752	1.0	0.0
0.42227837	0.5777216	0.0	1.0
0.28049994	0.71950006	0.0	1.0
0.4821484	0.5178516	1.0	0.0
0.45365286	0.54634714	1.0	0.0
0.4480493	0.55195075	1.0	0.0
0.42738083	0.57261914	0.0	1.0
0.4661403	0.5338597	1.0	0.0
0.47622824	0.52377176	1.0	0.0
0.41041067	0.5895893	1.0	0.0
0.4742075	0.52579254	0.0	1.0
0.44308484	0.55691516	1.0	0.0
0.4294201	0.5705799	1.0	0.0
0.46381173	0.53618824	0.0	1.0
0.4440738	0.5559262	1.0	0.0
0.45290512	0.5470949	0.0	1.0
0.47122115	0.52877885	1.0	0.0
0.46975204	0.5302479	1.0	0.0
0.4909948	0.5090052	1.0	0.0
0.42070436	0.5792956	1.0	0.0
0.4887308	0.51126915	1.0	0.0
0.42025828	0.57974166	0.0	1.0
0.47598854	0.52401143	0.0	1.0
0.39990324	0.6000968	1.0	0.0
0.4765297	0.5234703	0.0	1.0
0.43241102	0.567589	1.0	0.0
0.49039793	0.50960207	0.0	1.0
0.4735011	0.5264989	0.0	1.0
0.46825498	0.5317451	0.0	1.0
0.46665707	0.53334296	0.0	1.0
0.505998	0.494002	0.0	1.0
0.4263888	0.5736112	0.0	1.0
0.44033632	0.5596637	0.0	1.0
0.41390747	0.58609253	0.0	1.0
0.4853484	0.5146516	1.0	0.0
0.48326528	0.5167348	1.0	0.0
0.48718876	0.51281124	1.0	0.0
0.40399176	0.5960083	0.0	1.0
0.4647923	0.5352077	1.0	0.0
0.4049772	0.5950228	0.0	1.0
0.40032083	0.5996792	0.0	1.0
0.49778485	0.50221515	1.0	0.0
0.39739907	0.602601	0.0	1.0
0.40270293	0.5972971	1.0	0.0
0.48703524	0.5129647	0.0	1.0
0.48939452	0.5106055	0.0	1.0
0.42510355	0.5748965	0.0	1.0
0.4060189	0.5939811	0.0	1.0
0.42876542	0.57123464	1.0	0.0
0.43028906	0.5697109	0.0	1.0
0.46926996	0.53073	0.0	1.0
0.48511827	0.51488173	1.0	0.0
0.48794207	0.51205796	1.0	0.0
0.47138873	0.5286113	1.0	0.0
0.42686367	0.5731363	1.0	0.0
0.4834456	0.51655436	1.0	0.0
0.40072352	0.5992764	1.0	0.0
0.40230423	0.5976958	0.0	1.0
0.49114856	0.5088514	0.0	1.0
0.41945145	0.5805486	1.0	0.0
0.39879087	0.60120916	0.0	1.0
0.48581803	0.514182	1.0	0.0
0.40372425	0.5962758	0.0	1.0
0.4935701	0.5064299	0.0	1.0
0.42144796	0.57855207	0.0	1.0
0.46445236	0.5355477	0.0	1.0
0.49846968	0.5015303	1.0	0.0
0.46590063	0.53409934	0.0	1.0
0.44241774	0.55758226	1.0	0.0
0.46235293	0.53764707	0.0	1.0
0.4745753	0.5254247	0.0	1.0
0.4614689	0.5385311	1.0	0.0
0.44379017	0.5562098	0.0	1.0
0.42075413	0.5792458	1.0	0.0
0.41363758	0.5863625	1.0	0.0
0.47028247	0.52971756	0.0	1.0
0.45069468	0.5493053	0.0	1.0
0.45902258	0.5409774	1.0	0.0
0.44749647	0.5525035	1.0	0.0
0.4804772	0.5195228	0.0	1.0
0.40679076	0.5932092	1.0	0.0
0.43976292	0.5602371	0.0	1.0
0.49306363	0.5069363	1.0	0.0
0.48122004	0.51877993	0.0	1.0
0.47140068	0.5285993	0.0	1.0
0.405437	0.59456307	1.0	0.0
0.46133244	0.53866756	0.0	1.0
0.43940437	0.56059563	1.0	0.0
0.47579226	0.5242077	1.0	0.0
0.48969907	0.510301	1.0	0.0
0.43934014	0.5606599	1.0	0.0
0.49073923	0.5092607	0.0	1.0
0.4466217	0.5533783	0.0	1.0
0.4112847	0.5887153	0.0	1.0
0.49251953	0.50748044	0.0	1.0
0.41887966	0.5811203	1.0	0.0
0.40829685	0.5917031	0.0	1.0
0.4259611	0.57403886	0.0	1.0
0.4824951	0.51750493	0.0	1.0
0.41225785	0.5877421	1.0	0.0
0.28054282	0.71945715	0.0	1.0
0.4555665	0.5444335	1.0	0.0
0.4143782	0.5856218	0.0	1.0
0.44082445	0.5591756	1.0	0.0
0.43813476	0.5618652	0.0	1.0
0.46032536	0.53967464	0.0	1.0
0.48554128	0.5144587	0.0	1.0
0.42681828	0.57318175	1.0	0.0
0.47467995	0.52532005	0.0	1.0
0.43344352	0.5665565	1.0	0.0
0.45395857	0.5460414	0.0	1.0
0.49234834	0.5076516	1.0	0.0
0.40420747	0.59579253	0.0	1.0
0.4477328	0.5522672	1.0	0.0
0.4905692	0.5094308	1.0	0.0
0.48602283	0.51397717	0.0	1.0
0.4804988	0.51950127	0.0	1.0
0.49471396	0.50528604	0.0	1.0
0.5610521	0.43894795	1.0	0.0
0.44602734	0.5539727	0.0	1.0
0.4622546	0.53774536	1.0	0.0
0.28120282	0.71879715	0.0	1.0
0.40045565	0.5995444	1.0	0.0
0.44329688	0.5567031	1.0	0.0
0.45421565	0.54578435	0.0	1.0
0.40894064	0.5910594	1.0	0.0
0.46818197	0.53181803	1.0	0.0
0.49421668	0.5057833	0.0	1.0
0.41227144	0.5877286	1.0	0.0
0.45194322	0.5480568	1.0	0.0
0.4555075	0.54449254	0.0	1.0
0.45731622	0.5426838	0.0	1.0
0.41774887	0.58225113	1.0	0.0
0.49439344	0.5056066	0.0	1.0
0.4680175	0.53198254	1.0	0.0
0.4514308	0.5485692	1.0	0.0
0.49345225	0.50654775	0.0	1.0
0.43775478	0.56224525	0.0	1.0
0.4130873	0.5869127	0.0	1.0
0.45277894	0.54722106	0.0	1.0
0.28072053	0.7192795	0.0	1.0
0.45589808	0.5441019	0.0	1.0
0.45719844	0.54280156	0.0	1.0
0.4587785	0.5412215	1.0	0.0
0.48308954	0.51691043	1.0	0.0
0.4848037	0.51519626	1.0	0.0
0.49342826	0.5065717	0.0	1.0
0.46154007	0.53845996	1.0	0.0
0.47393596	0.526064	0.0	1.0
0.4863833	0.51361674	0.0	1.0
0.4046285	0.5953715	0.0	1.0
0.48424667	0.5157533	1.0	0.0
0.48597616	0.51402384	1.0	0.0
0.28210688	0.71789306	0.0	1.0
0.41213256	0.5878675	1.0	0.0
0.4376377	0.5623623	0.0	1.0
0.4727799	0.52722013	1.0	0.0
0.48463994	0.51536006	0.0	1.0
0.46689686	0.5331031	1.0	0.0
0.41224384	0.5877562	0.0	1.0
0.48595244	0.5140475	1.0	0.0
0.4464294	0.55357057	0.0	1.0
0.49460322	0.5053968	0.0	1.0
0.4801715	0.5198285	1.0	0.0
0.46230644	0.53769356	1.0	0.0
0.4866671	0.5133329	0.0	1.0
0.49021772	0.50978225	1.0	0.0
0.40478817	0.59521186	0.0	1.0
0.45456475	0.54543525	0.0	1.0
0.39180446	0.6081956	1.0	0.0
0.42552432	0.57447565	1.0	0.0
0.44986296	0.55013704	1.0	0.0
0.40735948	0.5926405	1.0	0.0
0.4301258	0.56987417	0.0	1.0
0.43851626	0.5614838	0.0	1.0
0.4424532	0.5575468	0.0	1.0
0.44874847	0.55125153	0.0	1.0
0.28281674	0.7171833	1.0	0.0
0.43605736	0.5639427	0.0	1.0
0.47790638	0.52209365	0.0	1.0
0.47616613	0.5238339	0.0	1.0
0.43234417	0.56765586	0.0	1.0
0.45865738	0.5413426	0.0	1.0
0.42169127	0.5783087	1.0	0.0
0.4437689	0.5562311	0.0	1.0
0.4266685	0.5733315	1.0	0.0
0.47169352	0.5283065	0.0	1.0
0.42287636	0.5771236	0.0	1.0
0.4439216	0.55607843	1.0	0.0
0.42012757	0.57987237	0.0	1.0
0.46019962	0.5398004	1.0	0.0
0.44513184	0.55486816	1.0	0.0
0.41479972	0.5852003	1.0	0.0
0.48295277	0.5170472	1.0	0.0
0.49852964	0.5014703	1.0	0.0
0.4634966	0.53650343	0.0	1.0
0.43224704	0.56775296	1.0	0.0
0.40393618	0.59606385	0.0	1.0
0.4701192	0.52988076	1.0	0.0
0.42647454	0.5735254	1.0	0.0
0.49742305	0.50257695	0.0	1.0
0.40032005	0.59967995	0.0	1.0
0.48113346	0.51886654	1.0	0.0
0.47489333	0.52510667	0.0	1.0
0.4655176	0.53448236	1.0	0.0
0.4342114	0.56578857	0.0	1.0
0.49871525	0.5012848	1.0	0.0
0.99999976	2.8538827e-07	1.0	0.0
0.46968427	0.53031576	1.0	0.0
0.45447952	0.5455205	1.0	0.0
0.4969868	0.5030132	1.0	0.0
0.48346376	0.51653624	1.0	0.0
0.45989165	0.5401083	0.0	1.0
0.41284826	0.5871517	1.0	0.0
0.4883189	0.5116811	0.0	1.0
0.4836	0.5164	0.0	1.0
0.39960584	0.6003941	0.0	1.0
0.4870268	0.5129732	0.0	1.0
0.41509575	0.58490425	0.0	1.0
0.4338741	0.5661259	0.0	1.0
0.43268555	0.56731445	1.0	0.0
0.46176136	0.5382386	0.0	1.0
0.44053873	0.55946124	1.0	0.0
0.44428673	0.55571324	1.0	0.0
0.4383589	0.5616411	0.0	1.0
0.48256665	0.5174333	0.0	1.0
0.49755037	0.50244963	1.0	0.0
0.43653804	0.56346196	1.0	0.0
0.4968841	0.5031159	1.0	0.0
0.42137542	0.5786246	1.0	0.0
0.4203715	0.57962847	1.0	0.0
0.41531935	0.5846807	0.0	1.0
0.40025258	0.5997474	0.0	1.0
0.44217116	0.55782884	1.0	0.0
0.426274	0.57372594	0.0	1.0
0.45542127	0.54457873	1.0	0.0
0.5026018	0.49739823	1.0	0.0
0.44946662	0.55053335	0.0	1.0
0.45681196	0.54318804	1.0	0.0
0.41176498	0.588235	1.0	0.0
0.48933497	0.510665	0.0	1.0
0.43102804	0.568972	0.0	1.0
0.42637882	0.57362115	0.0	1.0
0.46651292	0.533487	0.0	1.0
0.484648	0.515352	0.0	1.0
0.39801842	0.60198164	0.0	1.0
0.43958822	0.5604118	1.0	0.0
0.4446465	0.5553535	0.0	1.0
0.48211733	0.51788265	1.0	0.0
0.46034023	0.5396598	1.0	0.0
0.42779145	0.5722085	1.0	0.0
0.4011646	0.59883535	0.0	1.0
0.4750901	0.52491	1.0	0.0
0.4040781	0.59592193	1.0	0.0
0.43237743	0.5676226	0.0	1.0
0.49726275	0.5027372	1.0	0.0
0.45795703	0.542043	1.0	0.0
0.49222717	0.50777286	1.0	0.0
0.46314782	0.5368522	0.0	1.0
0.4827839	0.5172161	1.0	0.0
0.42803204	0.57196796	0.0	1.0
0.4753397	0.5246603	1.0	0.0
0.47226587	0.5277341	0.0	1.0
0.41162786	0.5883722	1.0	0.0
0.4126174	0.58738256	0.0	1.0
0.46549803	0.5345019	0.0	1.0
0.40379122	0.59620875	1.0	0.0
0.4622232	0.53777677	0.0	1.0
0.44003603	0.55996394	1.0	0.0
0.47864607	0.52135396	1.0	0.0
0.43269315	0.5673069	0.0	1.0
0.47071633	0.5292837	0.0	1.0
0.4753801	0.52461994	0.0	1.0
0.28167468	0.7183254	0.0	1.0
0.43637004	0.5636299	0.0	1.0
0.42415562	0.5758444	1.0	0.0
0.46951574	0.53048426	1.0	0.0
0.421672	0.578328	1.0	0.0
0.42902678	0.5709732	0.0	1.0
0.4028992	0.5971008	1.0	0.0
0.45933774	0.5406623	0.0	1.0
0.49338573	0.50661427	1.0	0.0
0.4730631	0.5269368	0.0	1.0
0.41832992	0.58167005	1.0	0.0
0.44245207	0.5575479	1.0	0.0
0.43181574	0.56818426	1.0	0.0
0.48291132	0.51708865	0.0	1.0
0.28049994	0.71950006	0.0	1.0
0.4345833	0.5654167	0.0	1.0
0.4455247	0.5544753	0.0	1.0
0.41267562	0.5873243	0.0	1.0
0.41934013	0.58065987	1.0	0.0
0.42146546	0.57853454	0.0	1.0
0.40413776	0.5958622	0.0	1.0
0.9869999	0.013000138	1.0	0.0
0.45942682	0.5405732	1.0	0.0
0.5091257	0.49087423	1.0	0.0
0.4711465	0.52885354	1.0	0.0
0.44647717	0.5535228	0.0	1.0
0.4808739	0.5191261	0.0	1.0
0.40353248	0.5964675	1.0	0.0
0.40670842	0.5932916	0.0	1.0
0.41558886	0.58441114	0.0	1.0
0.44908306	0.5509169	1.0	0.0
0.48260516	0.51739484	1.0	0.0
0.46832198	0.5316781	1.0	0.0
0.49342966	0.50657034	0.0	1.0
0.40346092	0.5965391	1.0	0.0
0.43613005	0.5638699	0.0	1.0
0.46637273	0.5336273	1.0	0.0
0.4962334	0.5037666	1.0	0.0
0.4347559	0.5652441	1.0	0.0
0.28048968	0.7195103	0.0	1.0
0.4182327	0.5817673	0.0	1.0
0.4469508	0.5530492	1.0	0.0
0.13984457	0.8601554	0.0	1.0
0.42590263	0.57409734	0.0	1.0
0.44004202	0.559958	0.0	1.0
0.48542073	0.5145793	0.0	1.0
0.48884383	0.5111562	0.0	1.0
0.4523575	0.54764247	0.0	1.0
0.4904728	0.5095272	0.0	1.0
0.397486	0.60251397	1.0	0.0
0.4846964	0.5153036	0.0	1.0
0.5016675	0.4983325	0.0	1.0
0.4470877	0.5529123	1.0	0.0
0.49971697	0.50028306	0.0	1.0
0.28088993	0.7191101	1.0	0.0
0.48145434	0.5185456	0.0	1.0
0.49101287	0.5089871	1.0	0.0
0.4161315	0.5838685	0.0	1.0
0.4378118	0.5621882	1.0	0.0
0.48030818	0.5196918	1.0	0.0
0.48559552	0.5144045	1.0	0.0
0.49268004	0.5073199	0.0	1.0
0.43095908	0.56904095	0.0	1.0
0.46508348	0.5349165	0.0	1.0
0.44028893	0.55971104	1.0	0.0
0.5324619	0.46753815	1.0	0.0
0.28072053	0.7192795	0.0	1.0
0.47343674	0.5265632	0.0	1.0
0.4677247	0.53227526	0.0	1.0
0.4732404	0.52675956	0.0	1.0
0.44461042	0.5553896	1.0	0.0
0.43947145	0.5605286	1.0	0.0
0.43676284	0.56323713	0.0	1.0
0.415145	0.584855	0.0	1.0
0.4280929	0.5719071	1.0	0.0
0.49521357	0.5047864	1.0	0.0
0.28075677	0.71924317	0.0	1.0
0.47402555	0.52597445	0.0	1.0
0.44820178	0.5517982	0.0	1.0
0.4828426	0.51715744	1.0	0.0
0.47173625	0.5282637	1.0	0.0
0.03853998	0.96146005	0.0	1.0
0.44530156	0.55469847	0.0	1.0
0.43245324	0.5675468	0.0	1.0
0.4946595	0.5053405	1.0	0.0
0.4371188	0.5628812	1.0	0.0
0.40003344	0.5999666	1.0	0.0
0.4966941	0.5033059	0.0	1.0
0.4510722	0.54892784	1.0	0.0
0.48967597	0.51032406	1.0	0.0
0.4124138	0.58758616	0.0	1.0
0.48877415	0.5112259	1.0	0.0
0.45153236	0.5484676	0.0	1.0
0.4621444	0.5378556	0.0	1.0
0.4766265	0.52337354	1.0	0.0
0.44830507	0.551695	1.0	0.0
0.41278192	0.5872181	0.0	1.0
0.5523496	0.4476504	1.0	0.0
0.47957197	0.52042806	1.0	0.0
0.43144378	0.5685562	0.0	1.0
0.4604657	0.5395343	1.0	0.0
0.4881078	0.5118922	1.0	0.0
0.48183247	0.51816756	1.0	0.0
0.4898691	0.5101309	1.0	0.0
0.44997835	0.55002165	1.0	0.0
0.43112037	0.5688796	0.0	1.0
0.50677776	0.4932222	0.0	1.0
0.4554734	0.54452664	0.0	1.0
0.4423999	0.55760014	0.0	1.0
0.48768485	0.51231515	1.0	0.0
0.46283764	0.53716236	1.0	0.0
0.4276751	0.57232493	0.0	1.0
0.42716244	0.57283753	0.0	1.0
0.4257687	0.57423127	1.0	0.0
0.45895767	0.5410423	1.0	0.0
0.49313506	0.50686496	1.0	0.0
0.43276075	0.5672393	0.0	1.0
0.48593095	0.514069	1.0	0.0
0.47101992	0.5289801	0.0	1.0
0.42525494	0.57474506	1.0	0.0
0.42604655	0.5739535	0.0	1.0
0.50182426	0.49817574	1.0	0.0
0.40855804	0.5914419	0.0	1.0
0.43894854	0.5610514	1.0	0.0
0.4909615	0.5090385	1.0	0.0
0.41347024	0.58652973	0.0	1.0
0.43212575	0.56787425	1.0	0.0
0.488664	0.51133597	0.0	1.0
0.40460858	0.59539145	0.0	1.0
0.41185787	0.58814216	0.0	1.0
0.4316798	0.56832016	1.0	0.0
0.42282426	0.5771757	1.0	0.0
0.47247785	0.5275221	1.0	0.0
0.46465036	0.5353496	0.0	1.0
0.41376552	0.58623445	0.0	1.0
0.45795935	0.54204065	0.0	1.0
0.48499027	0.5150097	1.0	0.0
0.40408304	0.595917	0.0	1.0
0.28188646	0.7181136	0.0	1.0
0.4905679	0.50943214	0.0	1.0
0.39999312	0.60000694	1.0	0.0
0.49856758	0.5014325	1.0	0.0
0.4905982	0.5094018	0.0	1.0
0.40365788	0.5963421	1.0	0.0
0.40223882	0.59776115	1.0	0.0
0.47009075	0.52990925	0.0	1.0
0.40827373	0.59172624	0.0	1.0
0.4359854	0.5640147	0.0	1.0
0.40714034	0.5928596	1.0	0.0
0.49158338	0.50841665	1.0	0.0
0.40509266	0.59490734	0.0	1.0
0.2817378	0.7182622	1.0	0.0
0.4089579	0.5910421	0.0	1.0
0.4785014	0.5214986	0.0	1.0
0.44297948	0.5570205	0.0	1.0
0.2813124	0.7186876	0.0	1.0
0.41733408	0.5826659	1.0	0.0
0.49879688	0.50120306	0.0	1.0
0.4544387	0.5455614	0.0	1.0
0.48809513	0.5119049	0.0	1.0
0.483077	0.516923	1.0	0.0
0.43331003	0.56668997	0.0	1.0
0.4277343	0.5722657	0.0	1.0
0.4498107	0.55018926	0.0	1.0
0.46382895	0.5361711	1.0	0.0
0.4603357	0.53966427	1.0	0.0
0.44182315	0.5581768	0.0	1.0
0.28185177	0.71814823	0.0	1.0
0.48397022	0.5160298	1.0	0.0
0.41779047	0.5822095	0.0	1.0
0.43450868	0.5654913	0.0	1.0
0.47662917	0.52337086	1.0	0.0
0.47608355	0.5239165	0.0	1.0
0.4255086	0.5744914	0.0	1.0
0.48818094	0.51181906	1.0	0.0
0.4126752	0.58732474	0.0	1.0
0.41753832	0.5824617	1.0	0.0
0.472961	0.527039	0.0	1.0
0.43240893	0.5675911	0.0	1.0
0.40895593	0.59104407	1.0	0.0
0.4639391	0.5360609	0.0	1.0
0.48301572	0.5169842	1.0	0.0
0.49025047	0.50974953	0.0	1.0
0.43663016	0.56336987	1.0	0.0
0.42645228	0.5735477	0.0	1.0
0.46558413	0.53441584	1.0	0.0
0.45329595	0.5467041	1.0	0.0
0.49069792	0.509302	1.0	0.0
0.40267426	0.5973258	0.0	1.0
0.41712922	0.58287084	1.0	0.0
0.40978768	0.59021235	0.0	1.0
0.4497267	0.5502733	1.0	0.0
0.48563907	0.51436096	1.0	0.0
0.46331814	0.5366819	1.0	0.0
0.40840068	0.5915993	1.0	0.0
0.45978314	0.54021686	1.0	0.0
0.49218813	0.50781184	1.0	0.0
0.46421057	0.53578943	1.0	0.0
0.4380608	0.5619392	0.0	1.0
0.4060432	0.5939568	1.0	0.0
0.39929414	0.6007058	0.0	1.0
0.47830084	0.52169913	1.0	0.0
0.43703863	0.5629614	1.0	0.0
0.45188126	0.54811877	0.0	1.0
0.4326376	0.56736237	0.0	1.0
0.43472618	0.5652738	0.0	1.0
0.46416414	0.53583586	0.0	1.0
0.40746894	0.5925311	1.0	0.0
0.48595956	0.51404047	1.0	0.0
0.4715827	0.5284172	0.0	1.0
0.30760878	0.6923912	0.0	1.0
0.41129193	0.5887081	1.0	0.0
0.48829	0.51171	1.0	0.0
0.49474365	0.5052563	1.0	0.0
0.4485616	0.5514384	0.0	1.0
0.44077212	0.5592279	0.0	1.0
0.46613297	0.53386706	0.0	1.0
0.49298024	0.50701976	0.0	1.0
0.4346595	0.56534046	1.0	0.0
0.40819508	0.59180486	1.0	0.0
0.4486565	0.5513435	1.0	0.0
0.4396994	0.5603006	0.0	1.0
0.39020464	0.60979533	0.0	1.0
0.4628674	0.53713256	1.0	0.0
0.4204573	0.5795427	1.0	0.0
0.48678735	0.5132126	1.0	0.0
0.4721598	0.52784026	1.0	0.0
0.41615352	0.58384645	0.0	1.0
0.4295385	0.5704615	0.0	1.0
0.41341838	0.5865816	0.0	1.0
0.46561882	0.5343812	1.0	0.0
0.40488958	0.59511036	1.0	0.0
0.42109364	0.57890636	1.0	0.0
0.4902872	0.50971276	0.0	1.0
0.42996153	0.5700385	1.0	0.0
0.48740324	0.5125968	1.0	0.0
0.44119668	0.5588033	0.0	1.0
0.40162987	0.59837013	0.0	1.0
0.42289144	0.57710856	1.0	0.0
0.46186715	0.5381328	0.0	1.0
0.43578288	0.5642171	0.0	1.0
0.47619066	0.5238094	0.0	1.0
0.4232524	0.5767476	0.0	1.0
0.43588623	0.56411374	0.0	1.0
0.45428976	0.5457102	0.0	1.0
0.50004923	0.4999508	1.0	0.0
0.47062114	0.5293789	0.0	1.0
0.4517824	0.54821765	1.0	0.0
0.44539723	0.55460274	1.0	0.0
0.46779248	0.5322075	1.0	0.0
0.45662785	0.54337215	0.0	1.0
0.44237453	0.5576255	1.0	0.0
0.41080436	0.5891956	0.0	1.0
0.45344555	0.54655445	1.0	0.0
0.4067437	0.5932563	1.0	0.0
0.19486618	0.8051338	0.0	1.0
0.45681515	0.5431849	1.0	0.0
0.42787725	0.57212275	1.0	0.0
0.4850087	0.5149913	1.0	0.0
0.4925995	0.5074005	0.0	1.0
0.43861735	0.56138265	0.0	1.0
0.4946606	0.50533944	1.0	0.0
0.28321838	0.71678156	1.0	0.0
0.42069313	0.5793069	0.0	1.0
0.4454669	0.5545331	0.0	1.0
0.48179483	0.51820517	0.0	1.0
0.50152844	0.49847156	1.0	0.0
0.4892486	0.5107514	1.0	0.0
0.46820542	0.5317946	0.0	1.0
0.49381387	0.5061861	1.0	0.0
0.48066184	0.51933813	1.0	0.0
0.46259534	0.53740466	1.0	0.0
0.41274565	0.58725435	1.0	0.0
0.44970337	0.55029666	1.0	0.0
0.28106347	0.71893656	0.0	1.0
0.45122698	0.548773	1.0	0.0
0.42479134	0.5752086	1.0	0.0
0.43056846	0.56943154	0.0	1.0
0.28230938	0.71769065	0.0	1.0
0.4995162	0.5004838	0.0	1.0
0.45587495	0.544125	0.0	1.0
0.42182153	0.5781784	1.0	0.0
0.47971568	0.5202843	1.0	0.0
0.43261975	0.56738025	0.0	1.0
0.40092552	0.59907454	0.0	1.0
0.42796615	0.5720339	1.0	0.0
0.46701512	0.53298485	1.0	0.0
0.44949958	0.5505004	0.0	1.0
0.48983544	0.5101646	1.0	0.0
0.45098156	0.54901844	1.0	0.0
0.43973842	0.5602616	1.0	0.0
0.42920774	0.5707922	0.0	1.0
0.48879984	0.5112002	1.0	0.0
0.45471764	0.5452823	0.0	1.0
0.48672536	0.51327467	0.0	1.0
0.4024112	0.5975888	1.0	0.0
0.43861353	0.56138647	0.0	1.0
0.48991814	0.5100818	0.0	1.0
0.41977468	0.58022535	1.0	0.0
0.28068238	0.7193176	1.0	0.0
0.4332749	0.5667251	0.0	1.0
0.4835559	0.5164441	1.0	0.0
0.48387843	0.5161216	1.0	0.0
0.47357687	0.52642316	1.0	0.0
0.4181589	0.5818411	0.0	1.0
0.4247157	0.5752843	0.0	1.0
0.40202516	0.5979749	0.0	1.0
0.4308144	0.56918555	1.0	0.0
0.4167294	0.5832706	1.0	0.0
0.45752206	0.5424779	1.0	0.0
0.43151164	0.5684884	0.0	1.0
0.49391258	0.5060874	0.0	1.0
0.39956477	0.6004352	0.0	1.0
0.44082406	0.55917597	0.0	1.0
0.44703025	0.55296975	1.0	0.0
0.42777637	0.57222366	0.0	1.0
0.4781703	0.52182966	0.0	1.0
0.42527992	0.57472	1.0	0.0
0.40916362	0.5908364	1.0	0.0
0.4205534	0.5794466	1.0	0.0
0.40957698	0.59042305	0.0	1.0
0.4033778	0.59662217	0.0	1.0
0.4003354	0.5996646	0.0	1.0
0.42563117	0.57436883	1.0	0.0
0.41161656	0.5883834	0.0	1.0
0.4395986	0.5604014	0.0	1.0
0.40295085	0.5970492	0.0	1.0
0.4180683	0.58193165	1.0	0.0
0.45190734	0.5480926	1.0	0.0
0.4695304	0.5304696	1.0	0.0
0.42778993	0.5722101	0.0	1.0
0.39873743	0.6012626	0.0	1.0
0.40468544	0.59531456	0.0	1.0
0.47734916	0.52265084	1.0	0.0
0.40464815	0.5953519	1.0	0.0
0.4834977	0.51650226	0.0	1.0
0.46403345	0.5359665	1.0	0.0
0.4735672	0.5264328	1.0	0.0
0.48991838	0.51008165	0.0	1.0
0.434273	0.565727	0.0	1.0
0.46721017	0.5327899	0.0	1.0
0.28120282	0.71879715	0.0	1.0
0.49013725	0.5098627	1.0	0.0
0.4838265	0.5161735	1.0	0.0
0.45078057	0.5492194	1.0	0.0
0.47501618	0.5249838	1.0	0.0
0.40448087	0.5955191	0.0	1.0
0.4853834	0.5146166	1.0	0.0
0.4299648	0.57003516	1.0	0.0
0.4534464	0.5465536	0.0	1.0
0.42177376	0.57822627	1.0	0.0
0.48144248	0.5185575	0.0	1.0
0.49006626	0.50993377	0.0	1.0
0.4712615	0.5287385	0.0	1.0
0.44074205	0.5592579	1.0	0.0
0.44239974	0.5576002	1.0	0.0
0.40581152	0.59418845	0.0	1.0
0.49010175	0.50989825	0.0	1.0
0.49013105	0.509869	1.0	0.0
0.40866607	0.591334	1.0	0.0
0.48926246	0.51073754	1.0	0.0
0.40282285	0.59717715	1.0	0.0
0.40878043	0.59121954	1.0	0.0
0.4668819	0.5331181	0.0	1.0
0.28092346	0.7190766	0.0	1.0
0.49727687	0.5027231	0.0	1.0
0.45377523	0.5462248	1.0	0.0
0.40421653	0.5957834	0.0	1.0
0.2813124	0.7186876	0.0	1.0
0.4875306	0.51246935	0.0	1.0
0.49500415	0.5049959	1.0	0.0
0.4419604	0.55803955	0.0	1.0
0.4705781	0.52942187	1.0	0.0
0.40073758	0.5992624	1.0	0.0
0.46130207	0.53869796	1.0	0.0
0.42943487	0.5705651	1.0	0.0
0.46059597	0.539404	1.0	0.0
0.49616405	0.503836	0.0	1.0
0.4775199	0.5224801	0.0	1.0
0.47460473	0.5253953	0.0	1.0
0.39966542	0.6003345	0.0	1.0
0.49767214	0.50232786	1.0	0.0
0.4774913	0.52250874	0.0	1.0
0.45888743	0.5411126	1.0	0.0
0.4283666	0.5716334	0.0	1.0
0.45467654	0.54532343	1.0	0.0
0.48470557	0.51529443	0.0	1.0
0.4271459	0.5728541	1.0	0.0
0.43990305	0.560097	0.0	1.0
0.4456466	0.55435336	0.0	1.0
0.28068238	0.7193176	1.0	0.0
0.28026304	0.719737	1.0	0.0
0.48816404	0.51183593	0.0	1.0
0.42492595	0.5750741	0.0	1.0
0.4602844	0.5397156	1.0	0.0
0.47446302	0.525537	0.0	1.0
0.44300798	0.55699205	0.0	1.0
0.50014347	0.49985656	0.0	1.0
0.49000248	0.50999755	1.0	0.0
0.45881256	0.54118747	0.0	1.0
0.40214312	0.5978569	1.0	0.0
0.47636998	0.52363	0.0	1.0
0.47560066	0.5243993	0.0	1.0
0.4023493	0.5976507	0.0	1.0
0.49903524	0.50096476	1.0	0.0
0.40490678	0.59509325	1.0	0.0
0.24603935	0.7539606	0.0	1.0
0.4111411	0.5888589	0.0	1.0
0.5089119	0.4910881	1.0	0.0
0.47037524	0.52962476	1.0	0.0
0.49413857	0.5058614	0.0	1.0
0.4333203	0.56667966	0.0	1.0
0.28091106	0.7190889	1.0	0.0
0.44663158	0.5533684	0.0	1.0
0.4747858	0.5252142	1.0	0.0
0.46179497	0.538205	1.0	0.0
0.4407466	0.55925333	0.0	1.0
0.4802025	0.51979744	1.0	0.0
0.49133343	0.5086666	1.0	0.0
0.4706803	0.5293197	0.0	1.0
0.42050314	0.57949686	0.0	1.0
0.43303955	0.56696045	0.0	1.0
0.49400154	0.5059985	1.0	0.0
0.4646639	0.53533614	1.0	0.0
0.44110265	0.5588973	0.0	1.0
0.40030313	0.5996969	0.0	1.0
0.41452736	0.5854727	0.0	1.0
0.39745164	0.60254836	0.0	1.0
0.42244416	0.57755584	1.0	0.0
0.41388676	0.5861133	1.0	0.0
0.43736383	0.56263614	0.0	1.0
0.4648718	0.5351282	0.0	1.0
0.4133281	0.5866719	0.0	1.0
0.4621023	0.5378977	1.0	0.0
0.4380211	0.56197894	0.0	1.0
0.43646643	0.56353354	1.0	0.0
0.49693787	0.5030621	1.0	0.0
0.4105861	0.5894139	0.0	1.0
0.47405598	0.525944	1.0	0.0
0.41455883	0.5854411	0.0	1.0
0.4852515	0.5147485	1.0	0.0
0.4637255	0.5362745	1.0	0.0
0.4922779	0.5077221	1.0	0.0
0.42557415	0.5744258	0.0	1.0
0.46469074	0.5353092	1.0	0.0
0.47863376	0.52136624	1.0	0.0
0.49688333	0.50311667	1.0	0.0
0.48019803	0.519802	0.0	1.0
0.42480692	0.5751931	1.0	0.0
0.46630085	0.5336992	1.0	0.0
0.45369598	0.546304	1.0	0.0
0.41010958	0.5898904	0.0	1.0
0.46441782	0.5355822	1.0	0.0
0.48100007	0.519	0.0	1.0
0.28097853	0.7190215	1.0	0.0
0.4477432	0.55225676	1.0	0.0
0.41384754	0.58615243	0.0	1.0
0.46513003	0.53486997	0.0	1.0
0.28010744	0.7198925	1.0	0.0
0.44396698	0.556033	0.0	1.0
0.5008851	0.4991149	1.0	0.0
0.4925271	0.5074729	1.0	0.0
0.46902797	0.53097206	0.0	1.0
0.4890988	0.51090115	0.0	1.0
0.4349061	0.56509393	0.0	1.0
0.4200313	0.5799687	1.0	0.0
0.49611133	0.5038886	1.0	0.0
0.47046515	0.5295348	0.0	1.0
0.40499452	0.5950055	0.0	1.0
0.4517907	0.5482093	0.0	1.0
0.48827302	0.511727	1.0	0.0
0.47328022	0.52671975	1.0	0.0
0.4131314	0.58686864	1.0	0.0
0.46190178	0.5380982	0.0	1.0
0.43989155	0.5601085	1.0	0.0
0.48908097	0.51091903	0.0	1.0
0.44123006	0.55876994	1.0	0.0
0.498276	0.501724	0.0	1.0
0.43274456	0.5672555	0.0	1.0
0.46408802	0.535912	0.0	1.0
0.48022974	0.51977026	1.0	0.0
0.28281674	0.7171833	1.0	0.0
0.44003603	0.55996394	0.0	1.0
0.4627312	0.53726876	0.0	1.0
0.4109661	0.58903384	1.0	0.0
0.46341026	0.53658974	0.0	1.0
0.4187656	0.5812344	0.0	1.0
0.46605557	0.5339444	0.0	1.0
0.4625556	0.53744435	1.0	0.0
0.4833955	0.51660454	1.0	0.0
0.49067578	0.50932425	1.0	0.0
0.48324493	0.51675504	0.0	1.0
0.471872	0.52812797	1.0	0.0
0.46466854	0.5353315	1.0	0.0
0.4099934	0.59000653	1.0	0.0
0.4853551	0.5146449	1.0	0.0
0.4818223	0.5181777	1.0	0.0
0.43373463	0.5662654	0.0	1.0
0.46595058	0.53404945	1.0	0.0
0.4982768	0.5017232	1.0	0.0
0.45478603	0.54521394	0.0	1.0
0.41785562	0.5821443	0.0	1.0
0.41553822	0.58446175	0.0	1.0
0.43315372	0.5668463	1.0	0.0
0.47196186	0.52803814	1.0	0.0
0.4221717	0.5778283	0.0	1.0
0.43572944	0.5642706	0.0	1.0
0.47146833	0.5285317	0.0	1.0
0.43428242	0.5657175	0.0	1.0
0.28161025	0.7183897	0.0	1.0
0.28098008	0.7190199	0.0	1.0
0.4128328	0.5871672	0.0	1.0
0.41834235	0.58165765	1.0	0.0
0.4753812	0.52461874	1.0	0.0
0.47320965	0.5267904	0.0	1.0
0.40189928	0.5981007	0.0	1.0
0.47776234	0.5222377	0.0	1.0
0.48958224	0.51041776	1.0	0.0
0.43399078	0.5660092	0.0	1.0
0.4903699	0.50963014	1.0	0.0
0.4643623	0.5356377	0.0	1.0
0.46938857	0.53061146	0.0	1.0
0.4117313	0.5882687	0.0	1.0
0.4858534	0.51414657	1.0	0.0
0.43619484	0.56380516	1.0	0.0
0.41427281	0.5857272	1.0	0.0
0.4010499	0.59895015	1.0	0.0
0.41197678	0.58802325	0.0	1.0
0.4003433	0.5996567	0.0	1.0
0.40803456	0.59196544	1.0	0.0
0.4707912	0.52920884	1.0	0.0
0.45484504	0.545155	0.0	1.0
0.43019375	0.5698063	0.0	1.0
0.44426155	0.5557384	1.0	0.0
0.43752384	0.5624761	1.0	0.0
0.4502265	0.5497735	0.0	1.0
0.4031268	0.59687316	1.0	0.0
0.46631688	0.53368306	0.0	1.0
0.43713254	0.5628675	0.0	1.0
0.43614322	0.5638568	0.0	1.0
0.48978725	0.5102128	0.0	1.0
0.4049637	0.59503627	1.0	0.0
0.47321498	0.526785	1.0	0.0
0.4834037	0.5165963	0.0	1.0
0.39901504	0.60098493	1.0	0.0
0.4697147	0.5302853	1.0	0.0
0.40332356	0.5966764	1.0	0.0
0.4819238	0.5180762	0.0	1.0
0.40387657	0.5961234	0.0	1.0
0.45092148	0.5490785	0.0	1.0
0.4741737	0.5258263	1.0	0.0
0.4702669	0.52973306	0.0	1.0
0.40222186	0.5977781	0.0	1.0
0.41343823	0.58656174	0.0	1.0
0.4762506	0.5237495	0.0	1.0
0.49925935	0.50074065	1.0	0.0
0.49932015	0.5006798	1.0	0.0
0.4887768	0.5112232	1.0	0.0
0.42277455	0.5772255	1.0	0.0
0.40185833	0.5981417	0.0	1.0
0.4072922	0.5927078	1.0	0.0
0.47264785	0.5273521	1.0	0.0
0.43461347	0.56538653	1.0	0.0
0.44150758	0.5584924	1.0	0.0
0.4241872	0.5758128	0.0	1.0
0.2807758	0.7192242	1.0	0.0
0.40420943	0.5957905	0.0	1.0
0.40164348	0.59835654	1.0	0.0
0.45437872	0.5456213	0.0	1.0
0.4928789	0.50712115	1.0	0.0
0.48464403	0.515356	1.0	0.0
0.40131268	0.59868735	0.0	1.0
0.4561552	0.5438448	1.0	0.0
0.43462038	0.5653797	0.0	1.0
0.47510505	0.52489495	0.0	1.0
0.4548822	0.5451178	1.0	0.0
0.4707817	0.52921826	0.0	1.0
0.42812732	0.57187265	1.0	0.0
0.41239974	0.58760023	1.0	0.0
0.90198874	0.09801131	1.0	0.0
0.45313156	0.54686844	1.0	0.0
0.42114282	0.5788572	1.0	0.0
0.4848611	0.5151389	1.0	0.0
0.47911915	0.5208809	1.0	0.0
0.49087963	0.5091204	1.0	0.0
0.47515845	0.5248415	0.0	1.0
0.4161528	0.5838472	0.0	1.0
0.48891976	0.51108027	1.0	0.0
0.47633225	0.52366775	0.0	1.0
0.4416506	0.55834943	1.0	0.0
0.43438023	0.56561977	1.0	0.0
0.40084356	0.59915644	0.0	1.0
0.47486553	0.5251345	1.0	0.0
0.40822133	0.59177864	1.0	0.0
0.48651263	0.5134874	1.0	0.0
0.4033356	0.5966644	0.0	1.0
0.4254593	0.57454073	1.0	0.0
0.48368898	0.516311	1.0	0.0
0.4727905	0.5272095	0.0	1.0
0.4404566	0.5595434	1.0	0.0
0.49206346	0.5079366	1.0	0.0
0.44714287	0.55285716	1.0	0.0
0.40147203	0.59852797	0.0	1.0
0.47109485	0.52890515	0.0	1.0
0.40595394	0.5940461	0.0	1.0
0.43456855	0.5654314	0.0	1.0
0.45891276	0.54108727	0.0	1.0
0.4353769	0.5646231	0.0	1.0
0.41357848	0.58642155	1.0	0.0
0.42056233	0.5794377	0.0	1.0
0.48753825	0.5124618	0.0	1.0
0.39609545	0.60390455	0.0	1.0
0.44769192	0.5523081	1.0	0.0
0.43303514	0.56696486	1.0	0.0
0.4150601	0.5849399	0.0	1.0
0.4999362	0.5000638	1.0	0.0
0.47915325	0.5208468	1.0	0.0
0.44357738	0.55642265	0.0	1.0
0.28138435	0.71861565	1.0	0.0
0.4278955	0.5721045	0.0	1.0
0.43033284	0.5696671	1.0	0.0
0.3981446	0.60185546	1.0	0.0
0.48250312	0.5174969	0.0	1.0
0.3996029	0.6003971	0.0	1.0
0.5046855	0.49531445	0.0	1.0
0.40118757	0.59881246	0.0	1.0
0.41989425	0.5801057	0.0	1.0
0.4366987	0.5633013	1.0	0.0
0.48649886	0.51350117	0.0	1.0
0.47561502	0.52438504	1.0	0.0
0.48783803	0.51216197	0.0	1.0
0.40470013	0.5952999	1.0	0.0
0.49195647	0.5080435	1.0	0.0
0.4699878	0.5300122	1.0	0.0
0.479728	0.520272	1.0	0.0
0.48418617	0.5158138	1.0	0.0
0.4036425	0.5963575	0.0	1.0
0.49952722	0.5004728	0.0	1.0
0.49165654	0.50834346	0.0	1.0
0.41922385	0.58077615	0.0	1.0
0.40413907	0.5958609	1.0	0.0
0.42358273	0.57641727	1.0	0.0
0.40538272	0.59461725	0.0	1.0
0.4529044	0.5470956	1.0	0.0
0.46147954	0.5385205	1.0	0.0
0.4867546	0.5132454	0.0	1.0
0.40816003	0.59183997	1.0	0.0
